36978.00000
22231.00000
51398.00000
49063.00000
20215.00000
12930.00000
43051.00000
16585.00000
18783.00000
37861.00000
25065.00000
14378.00000
22996.00000
27994.00000
46904.00000
19321.00000
19674.00000
25262.00000
10841.00000
33665.00000
33254.00000
30272.00000
51972.00000
25843.00000
19339.00000
18575.00000
24256.00000
16277.00000
20965.00000
21128.00000
33193.00000
28338.00000
52874.00000
11017.00000
22257.00000
17913.00000
18838.00000
15599.00000
19036.00000
51632.00000
36592.00000
24819.00000
18045.00000
12864.00000
14569.00000
22854.00000
40101.00000
18728.00000
17995.00000
32653.00000
18304.00000
15911.00000
32295.00000
28427.00000
19750.00000
19127.00000
20035.00000
35373.00000
17679.00000
20075.00000
17437.00000
14871.00000
23936.00000
12457.00000
12599.00000
20290.00000
32465.00000
39829.00000
21040.00000
20261.00000
63552.00000
12862.00000
42692.00000
29548.00000
14384.00000
15435.00000
19166.00000
13323.00000
28382.00000
20000.00000
29380.00000
17753.00000
13052.00000
17555.00000
39646.00000
19804.00000
16681.00000
19653.00000
31413.00000
15113.00000
23891.00000
26065.00000
12931.00000
19787.00000
21494.00000
16962.00000
20330.00000
24054.00000
35177.00000
45159.00000
10507.00000
37557.00000
13437.00000
44153.00000
65650.00000
26722.00000
47564.00000
31027.00000
36303.00000
18162.00000
20730.00000
17368.00000
24105.00000
17615.00000
28036.00000
17047.00000
19945.00000
43349.00000
37395.00000
24100.00000
22023.00000
20040.00000
16500.00000
30409.00000
22499.00000
14013.00000
17777.00000
33595.00000
26551.00000
17002.00000
12637.00000
21153.00000
22956.00000
10709.00000
16072.00000
19871.00000
19207.00000
15964.00000
26077.00000
17020.00000
25933.00000
16850.00000
14812.00000
18342.00000
18017.00000
34950.00000
19038.00000
13204.00000
17266.00000
23222.00000
18073.00000
23270.00000
16021.00000
33348.00000
32934.00000
41549.00000
20426.00000
18684.00000
19222.00000
18914.00000
49548.00000
24226.00000
28321.00000
16995.00000
28766.00000
40054.00000
18206.00000
16629.00000
16384.00000
53912.00000
26420.00000
19636.00000
60580.00000
32966.00000
18719.00000
32122.00000
48082.00000
58030.00000
31782.00000
19840.00000
11493.00000
12672.00000
18042.00000
15872.00000
42975.00000
27898.00000
19925.00000
32094.00000
10579.00000
17255.00000
38146.00000
17666.00000
22584.00000
19212.00000
19349.00000
16366.00000
25795.00000
17442.00000
15443.00000
16976.00000
29522.00000
33300.00000
11065.00000
56450.00000
16415.00000
13474.00000
19421.00000
17497.00000
17885.00000
25156.00000
32099.00000
39607.00000
14241.00000
44917.00000
18889.00000
15572.00000
31644.00000
26966.00000
40712.00000
16570.00000
12053.00000
19936.00000
20390.00000
13119.00000
28906.00000
28225.00000
17877.00000
19538.00000
16068.00000
32300.00000
37464.00000
19014.00000
32859.00000
46665.00000
19337.00000
16554.00000
22922.00000
43885.00000
21126.00000
18753.00000
21196.00000
14624.00000
39995.00000
21319.00000
28374.00000
23968.00000
25616.00000
13937.00000
20938.00000
21012.00000
21615.00000
41043.00000
19805.00000
23449.00000
17580.00000
24331.00000
26525.00000
54084.00000
37226.00000
20642.00000
20033.00000
43303.00000
18031.00000
47771.00000
19730.00000
12439.00000
36156.00000
16084.00000
30464.00000
35782.00000
16817.00000
31332.00000
21407.00000
45942.00000
25087.00000
42368.00000
55247.00000
20302.00000
26335.00000
21295.00000
18905.00000
28720.00000
19593.00000
18617.00000
36680.00000
18016.00000
29660.00000
14419.00000
23649.00000
28777.00000
16006.00000
33574.00000
19813.00000
13063.00000
13731.00000
31691.00000
22694.00000
25376.00000
19158.00000
57156.00000
18351.00000
16693.00000
18948.00000
21595.00000
15461.00000
21779.00000
31647.00000
37241.00000
26520.00000
30307.00000
13278.00000
19741.00000
19526.00000
17417.00000
17991.00000
21891.00000
21272.00000
24671.00000
21006.00000
15311.00000
18753.00000
46765.00000
20796.00000
13812.00000
16881.00000
11291.00000
35635.00000
21670.00000
17379.00000
20240.00000
28726.00000
32355.00000
17649.00000
15891.00000
42923.00000
20101.00000
31747.00000
21069.00000
14728.00000
42768.00000
22804.00000
19162.00000
25918.00000
52858.00000
18498.00000
14685.00000
16646.00000
16428.00000
17426.00000
37212.00000
18620.00000
15082.00000
18928.00000
14976.00000
17488.00000
39787.00000
11256.00000
31122.00000
40974.00000
14449.00000
13846.00000
12479.00000
30328.00000
35703.00000
17329.00000
16677.00000
15060.00000
39828.00000
37049.00000
16598.00000
24295.00000
32662.00000
39743.00000
15634.00000
43435.00000
23239.00000
19230.00000
13971.00000
11395.00000
49291.00000
20055.00000
17712.00000
41758.00000
44952.00000
31716.00000
20681.00000
27671.00000
12582.00000
19689.00000
26996.00000
25820.00000
17343.00000
18881.00000
17735.00000
18661.00000
48827.00000
18339.00000
27866.00000
22043.00000
29445.00000
15690.00000
30068.00000
40744.00000
15977.00000
28474.00000
19080.00000
14629.00000
22088.00000
20070.00000
39444.00000
18354.00000
19377.00000
19363.00000
35999.00000
20144.00000
18401.00000
28896.00000
44324.00000
18317.00000
13441.00000
19495.00000
21362.00000
18036.00000
34178.00000
29610.00000
19850.00000
32973.00000
18622.00000
17233.00000
14564.00000
44888.00000
29227.00000
31934.00000
40370.00000
14665.00000
14120.00000
33038.00000
16000.00000
15880.00000
21958.00000
17836.00000
16737.00000
15109.00000
19441.00000
19813.00000
23435.00000
12212.00000
14418.00000
24469.00000
35739.00000
17866.00000
18580.00000
26708.00000
16229.00000
28480.00000
22997.00000
17466.00000
55461.00000
42548.00000
20456.00000
19584.00000
16832.00000
15833.00000
33927.00000
37157.00000
17156.00000
19623.00000
16767.00000
17419.00000
12683.00000
23205.00000
20970.00000
13117.00000
19566.00000
18010.00000
37819.00000
22111.00000
24204.00000
18564.00000
27778.00000
26485.00000
10459.00000
33180.00000
13055.00000
31760.00000
18992.00000
17470.00000
39143.00000
31410.00000
14268.00000
16392.00000
20728.00000
22691.00000
28388.00000
15466.00000
16943.00000
28262.00000
35615.00000
28807.00000
16644.00000
18208.00000
34963.00000
21891.00000
18571.00000
23355.00000
16387.00000
18937.00000
16256.00000
49529.00000
31100.00000
21123.00000
15823.00000
17624.00000
35403.00000
19081.00000
20029.00000
39207.00000
18503.00000
13431.00000
17598.00000
23118.00000
36688.00000
19375.00000
32689.00000
19649.00000
18153.00000
17669.00000
13224.00000
33369.00000
32941.00000
29664.00000
20604.00000
28898.00000
20176.00000
20959.00000
22049.00000
24347.00000
19546.00000
31949.00000
16881.00000
21720.00000
18973.00000
40844.00000
15891.00000
11190.00000
18281.00000
19369.00000
16896.00000
20457.00000
29598.00000
19029.00000
16653.00000
20277.00000
16421.00000
18610.00000
19051.00000
19868.00000
15312.00000
34867.00000
19509.00000
15254.00000
15774.00000
22131.00000
17401.00000
38533.00000
28616.00000
37457.00000
38161.00000
38519.00000
18111.00000
18197.00000
19518.00000
19867.00000
25641.00000
20568.00000
10481.00000
21006.00000
33482.00000
19794.00000
12680.00000
37355.00000
18436.00000
21082.00000
21842.00000
11372.00000
32827.00000
23676.00000
17071.00000
32702.00000
35991.00000
16029.00000
17217.00000
16931.00000
15596.00000
18999.00000
19727.00000
16972.00000
38236.00000
17984.00000
17731.00000
18386.00000
32382.00000
37638.00000
25436.00000
18046.00000
25427.00000
17979.00000
18060.00000
18557.00000
17804.00000
34708.00000
36632.00000
15569.00000
16669.00000
43376.00000
30021.00000
27242.00000
18053.00000
12612.00000
17703.00000
38115.00000
19689.00000
18411.00000
23900.00000
22020.00000
15566.00000
37271.00000
26262.00000
23506.00000
26200.00000
19181.00000
17946.00000
34791.00000
46251.00000
21274.00000
27649.00000
35830.00000
17495.00000
22033.00000
19982.00000
20606.00000
21526.00000
18850.00000
16023.00000
35247.00000
26539.00000
18388.00000
16812.00000
40321.00000
20089.00000
16214.00000
10497.00000
20697.00000
18742.00000
12297.00000
19443.00000
22809.00000
14677.00000
20021.00000
28470.00000
14908.00000
21166.00000
42768.00000
18482.00000
17371.00000
15012.00000
19753.00000
18598.00000
18835.00000
18068.00000
18189.00000
31850.00000
14217.00000
20568.00000
28580.00000
25983.00000
29756.00000
12813.00000
11500.00000
29300.00000
18983.00000
24094.00000
37202.00000
31135.00000
35073.00000
18975.00000
26189.00000
41558.00000
22949.00000
34875.00000
19329.00000
15741.00000
14388.00000
19657.00000
18683.00000
40736.00000
15598.00000
19562.00000
35747.00000
21516.00000
21568.00000
19714.00000
26470.00000
22577.00000
51127.00000
26265.00000
18739.00000
18825.00000
19717.00000
23137.00000
18300.00000
16322.00000
12275.00000
18541.00000
18537.00000
16581.00000
19152.00000
19651.00000
19343.00000
14459.00000
16720.00000
18626.00000
17867.00000
26609.00000
17694.00000
32939.00000
34563.00000
33888.00000
37164.00000
41433.00000
32206.00000
21200.00000
14051.00000
19968.00000
15867.00000
15578.00000
17996.00000
12808.00000
34511.00000
29919.00000
19155.00000
15107.00000
19993.00000
31069.00000
17315.00000
29817.00000
18913.00000
16721.00000
18981.00000
35128.00000
38995.00000
10348.00000
37133.00000
17360.00000
17986.00000
17483.00000
21525.00000
40684.00000
18986.00000
15762.00000
37767.00000
18137.00000
37182.00000
24901.00000
31120.00000
10710.00000
31127.00000
40477.00000
16037.00000
29506.00000
10941.00000
17604.00000
19526.00000
16388.00000
29057.00000
35950.00000
23113.00000
33521.00000
34169.00000
18164.00000
20029.00000
25714.00000
34514.00000
11550.00000
27802.00000
18146.00000
19319.00000
33060.00000
15055.00000
25829.00000
22309.00000
33943.00000
17820.00000
25445.00000
15166.00000
16790.00000
48815.00000
16090.00000
18941.00000
20974.00000
29756.00000
18291.00000
14803.00000
22132.00000
27986.00000
20052.00000
48680.00000
28738.00000
17676.00000
19022.00000
38434.00000
18886.00000
17001.00000
19271.00000
37370.00000
20299.00000
11603.00000
17912.00000
40976.00000
51504.00000
13166.00000
18952.00000
20217.00000
18831.00000
51180.00000
28537.00000
16662.00000
18651.00000
38366.00000
19746.00000
35755.00000
30946.00000
33376.00000
66316.00000
30946.00000
14288.00000
11318.00000
40291.00000
19347.00000
15428.00000
18490.00000
31480.00000
18338.00000
20253.00000
16928.00000
50937.00000
39227.00000
18110.00000
43706.00000
17285.00000
20639.00000
19297.00000
20670.00000
38591.00000
29015.00000
30332.00000
15584.00000
27972.00000
17463.00000
16601.00000
31407.00000
13325.00000
16737.00000
16038.00000
34527.00000
16945.00000
11593.00000
27578.00000
19313.00000
28213.00000
18757.00000
17258.00000
18974.00000
18033.00000
23764.00000
18592.00000
16139.00000
42103.00000
18122.00000
47566.00000
23697.00000
23262.00000
18622.00000
20196.00000
15624.00000
26896.00000
17012.00000
18115.00000
11121.00000
16401.00000
16761.00000
49511.00000
14950.00000
15445.00000
16659.00000
31849.00000
17103.00000
20609.00000
15620.00000
22824.00000
31439.00000
21211.00000
15511.00000
18889.00000
22918.00000
39946.00000
23395.00000
18247.00000
23517.00000
20716.00000
17760.00000
19145.00000
20757.00000
13304.00000
33217.00000
23915.00000
28667.00000
18494.00000
17479.00000
31138.00000
19810.00000
43001.00000
19414.00000
18675.00000
14469.00000
19017.00000
13253.00000
32155.00000
17555.00000
19033.00000
15364.00000
17346.00000
20572.00000
16920.00000
20901.00000
26595.00000
19103.00000
16525.00000
25397.00000
19926.00000
29801.00000
36535.00000
33036.00000
16016.00000
27918.00000
20915.00000
18231.00000
24342.00000
14473.00000
38223.00000
17469.00000
16461.00000
36347.00000
16495.00000
21167.00000
13845.00000
31752.00000
10059.00000
27337.00000
19400.00000
25099.00000
17486.00000
20957.00000
35941.00000
16432.00000
25824.00000
35254.00000
44415.00000
18274.00000
19074.00000
17901.00000
34756.00000
19732.00000
27352.00000
20524.00000
24917.00000
18728.00000
20650.00000
18181.00000
13061.00000
16346.00000
28767.00000
37243.00000
15144.00000
18552.00000
20235.00000
12240.00000
22881.00000
38522.00000
16079.00000
55416.00000
14884.00000
14242.00000
19120.00000
20022.00000
27819.00000
19301.00000
20186.00000
36503.00000
18792.00000
46554.00000
18724.00000
10928.00000
48908.00000
21352.00000
30641.00000
16523.00000
26305.00000
36195.00000
16812.00000
17813.00000
11709.00000
18354.00000
16601.00000
17447.00000
19334.00000
13807.00000
25308.00000
20318.00000
14621.00000
19595.00000
31339.00000
49275.00000
20377.00000
11061.00000
21091.00000
19940.00000
18423.00000
19137.00000
20528.00000
17602.00000
18627.00000
42320.00000
15464.00000
29712.00000
18579.00000
34217.00000
49847.00000
31448.00000
19605.00000
33905.00000
15494.00000
25181.00000
29594.00000
24276.00000
50858.00000
25522.00000
17797.00000
20776.00000
20014.00000
18795.00000
16589.00000
37765.00000
16457.00000
44848.00000
18414.00000
20383.00000
13412.00000
44036.00000
23069.00000
17585.00000
19185.00000
17121.00000
11345.00000
23149.00000
32064.00000
18893.00000
18598.00000
40817.00000
21121.00000
16855.00000
38188.00000
42212.00000
16750.00000
37166.00000
29660.00000
34261.00000
53877.00000
21305.00000
23911.00000
22505.00000
26647.00000
19298.00000
26340.00000
16991.00000
26988.00000
32974.00000
18171.00000
22631.00000
29205.00000
42659.00000
12385.00000
18709.00000
21794.00000
17700.00000
18002.00000
31292.00000
27694.00000
11528.00000
18378.00000
35838.00000
20656.00000
17854.00000
17150.00000
18960.00000
20267.00000
18130.00000
36544.00000
18514.00000
33943.00000
42840.00000
16082.00000
58327.00000
18575.00000
16636.00000
20053.00000
28618.00000
17371.00000
12717.00000
20876.00000
25969.00000
39443.00000
18578.00000
11956.00000
46730.00000
29018.00000
17602.00000
18753.00000
19109.00000
27212.00000
12533.00000
22203.00000
15108.00000
30770.00000
34962.00000
16157.00000
36675.00000
14620.00000
46415.00000
16727.00000
18028.00000
21809.00000
19327.00000
12885.00000
21917.00000
17521.00000
26514.00000
17824.00000
29529.00000
31316.00000
37236.00000
31577.00000
30686.00000
10996.00000
18925.00000
20764.00000
23984.00000
16639.00000
20219.00000
18958.00000
24836.00000
17710.00000
22962.00000
37509.00000
23337.00000
18591.00000
26230.00000
14344.00000
39494.00000
15756.00000
32432.00000
39550.00000
44302.00000
33213.00000
18918.00000
17774.00000
36548.00000
19977.00000
27575.00000
28266.00000
16838.00000
21231.00000
19078.00000
19432.00000
30927.00000
20039.00000
16263.00000
19658.00000
16577.00000
28968.00000
22791.00000
35230.00000
26672.00000
18597.00000
32285.00000
37046.00000
21740.00000
21781.00000
19062.00000
54430.00000
18601.00000
37778.00000
15382.00000
29450.00000
16665.00000
31281.00000
30722.00000
13818.00000
27622.00000
22730.00000
22523.00000
30332.00000
18566.00000
13666.00000
41226.00000
23931.00000
32218.00000
38121.00000
42219.00000
14250.00000
31996.00000
20168.00000
17960.00000
20747.00000
48896.00000
55664.00000
13623.00000
43081.00000
15374.00000
29871.00000
13157.00000
11986.00000
16483.00000
23370.00000
50636.00000
25612.00000
23738.00000
12456.00000
13315.00000
46286.00000
14373.00000
40191.00000
20278.00000
47159.00000
15012.00000
28327.00000
26590.00000
12189.00000
13713.00000
32125.00000
23665.00000
16530.00000
19198.00000
31639.00000
18837.00000
23518.00000
17854.00000
35075.00000
20145.00000
18825.00000
23347.00000
30780.00000
37965.00000
20777.00000
27881.00000
23697.00000
14436.00000
18333.00000
21057.00000
14994.00000
43733.00000
36492.00000
13832.00000
30344.00000
30848.00000
24786.00000
18444.00000
10156.00000
17728.00000
21774.00000
18812.00000
23866.00000
19114.00000
17536.00000
19242.00000
18705.00000
19696.00000
18180.00000
19510.00000
35910.00000
28351.00000
19808.00000
21913.00000
30670.00000
15218.00000
32685.00000
32666.00000
18400.00000
10586.00000
49444.00000
46988.00000
18977.00000
25636.00000
19397.00000
15412.00000
22834.00000
23417.00000
16867.00000
19923.00000
14072.00000
18659.00000
21023.00000
16364.00000
31834.00000
22570.00000
12369.00000
34063.00000
17003.00000
16289.00000
49071.00000
38129.00000
33844.00000
16392.00000
15875.00000
37342.00000
15974.00000
14509.00000
43565.00000
29248.00000
18892.00000
50699.00000
16750.00000
32350.00000
35027.00000
28926.00000
27410.00000
22996.00000
17855.00000
15432.00000
27655.00000
20666.00000
33775.00000
15299.00000
20775.00000
19220.00000
12342.00000
44609.00000
64329.00000
46258.00000
14789.00000
30007.00000
21725.00000
17586.00000
19061.00000
26391.00000
32037.00000
29490.00000
26093.00000
24716.00000
22394.00000
19233.00000
11594.00000
17445.00000
17416.00000
20783.00000
20562.00000
19198.00000
32080.00000
22442.00000
25798.00000
32247.00000
18466.00000
16234.00000
30386.00000
19800.00000
15393.00000
51289.00000
18481.00000
23101.00000
29033.00000
24850.00000
19906.00000
15968.00000
49912.00000
12509.00000
12210.00000
18751.00000
16914.00000
35255.00000
17023.00000
18317.00000
15229.00000
51506.00000
19994.00000
29234.00000
28986.00000
18850.00000
20927.00000
18442.00000
20387.00000
43240.00000
17046.00000
18868.00000
36136.00000
21493.00000
30106.00000
19350.00000
21337.00000
17965.00000
20158.00000
18480.00000
44557.00000
33477.00000
15814.00000
22260.00000
23294.00000
22941.00000
25984.00000
19158.00000
14508.00000
27914.00000
18842.00000
22572.00000
13960.00000
10854.00000
17957.00000
20186.00000
14629.00000
16720.00000
58346.00000
31308.00000
40981.00000
40520.00000
23565.00000
17626.00000
18171.00000
32702.00000
27202.00000
26065.00000
26600.00000
19108.00000
36445.00000
14041.00000
30891.00000
19277.00000
32863.00000
19873.00000
18627.00000
39880.00000
19161.00000
22094.00000
24381.00000
16068.00000
13532.00000
27855.00000
24544.00000
16675.00000
19372.00000
20017.00000
21115.00000
18569.00000
15854.00000
31420.00000
18327.00000
12432.00000
26306.00000
26333.00000
30772.00000
16894.00000
17277.00000
16323.00000
19719.00000
19213.00000
14660.00000
17471.00000
59583.00000
23422.00000
24387.00000
19928.00000
18731.00000
10339.00000
30489.00000
18892.00000
32553.00000
15016.00000
30985.00000
24274.00000
37768.00000
62261.00000
24868.00000
32532.00000
16313.00000
16220.00000
27523.00000
18114.00000
34503.00000
16635.00000
77906.00000
13617.00000
25831.00000
18804.00000
21845.00000
33763.00000
80546.00000
17420.00000
17994.00000
21948.00000
22157.00000
29681.00000
41798.00000
25236.00000
17023.00000
12908.00000
18795.00000
18777.00000
12709.00000
43755.00000
25151.00000
47930.00000
22042.00000
29030.00000
40108.00000
42300.00000
18591.00000
22519.00000
12556.00000
20305.00000
19689.00000
23244.00000
19594.00000
30174.00000
14792.00000
24770.00000
48098.00000
14573.00000
18765.00000
15102.00000
17068.00000
10736.00000
31910.00000
16643.00000
14566.00000
17618.00000
50118.00000
39141.00000
25443.00000
14751.00000
17372.00000
28745.00000
13252.00000
45484.00000
13522.00000
18125.00000
20989.00000
15087.00000
41139.00000
19444.00000
51390.00000
17267.00000
46075.00000
36163.00000
17960.00000
27448.00000
13390.00000
35878.00000
20002.00000
30897.00000
32460.00000
43333.00000
30435.00000
19982.00000
23630.00000
20354.00000
18074.00000
15764.00000
17843.00000
19768.00000
20434.00000
26710.00000
29397.00000
41386.00000
24744.00000
29952.00000
54344.00000
17247.00000
14858.00000
16064.00000
14799.00000
18480.00000
17303.00000
15724.00000
27708.00000
41007.00000
15511.00000
35724.00000
19143.00000
20264.00000
15703.00000
17077.00000
16883.00000
26909.00000
18271.00000
29323.00000
24431.00000
38754.00000
13837.00000
19416.00000
19516.00000
21780.00000
38686.00000
33186.00000
18545.00000
14154.00000
14067.00000
44194.00000
22379.00000
16972.00000
22259.00000
21320.00000
38096.00000
36800.00000
31148.00000
20134.00000
12683.00000
20128.00000
20883.00000
26501.00000
18225.00000
29478.00000
22272.00000
25573.00000
16616.00000
32405.00000
47457.00000
36185.00000
17830.00000
17581.00000
18438.00000
20585.00000
30031.00000
20297.00000
14384.00000
17970.00000
19881.00000
23893.00000
16470.00000
38275.00000
18025.00000
14678.00000
33759.00000
19098.00000
38698.00000
19180.00000
23424.00000
16695.00000
29731.00000
18032.00000
17197.00000
19739.00000
29634.00000
18937.00000
17300.00000
14837.00000
32272.00000
14520.00000
14034.00000
18694.00000
33134.00000
19878.00000
17722.00000
27093.00000
19770.00000
18571.00000
12827.00000
21490.00000
18092.00000
42939.00000
39037.00000
16450.00000
18862.00000
32773.00000
44445.00000
20767.00000
46588.00000
17880.00000
24179.00000
39562.00000
23935.00000
16858.00000
36289.00000
19463.00000
14900.00000
17334.00000
16449.00000
32654.00000
34229.00000
38693.00000
16823.00000
57277.00000
21714.00000
44820.00000
14824.00000
39022.00000
29951.00000
65700.00000
36842.00000
18649.00000
14825.00000
46352.00000
17602.00000
15425.00000
12923.00000
15730.00000
39007.00000
30345.00000
14676.00000
20036.00000
26171.00000
12537.00000
17845.00000
20791.00000
24936.00000
18065.00000
58029.00000
34861.00000
15859.00000
24659.00000
31917.00000
18048.00000
41194.00000
33866.00000
17715.00000
37378.00000
16594.00000
13336.00000
15288.00000
18033.00000
18904.00000
27311.00000
41676.00000
15120.00000
16430.00000
17620.00000
40771.00000
16337.00000
51542.00000
17206.00000
22697.00000
16658.00000
29680.00000
41921.00000
22077.00000
20779.00000
38430.00000
16520.00000
19582.00000
20540.00000
21220.00000
24960.00000
48510.00000
20793.00000
32573.00000
19338.00000
26591.00000
28689.00000
42054.00000
21684.00000
61388.00000
18448.00000
20076.00000
47515.00000
23784.00000
12286.00000
18840.00000
21276.00000
17620.00000
15903.00000
19030.00000
14909.00000
46796.00000
17785.00000
37281.00000
39072.00000
28128.00000
12504.00000
13557.00000
20570.00000
21571.00000
18456.00000
20285.00000
14845.00000
21867.00000
52049.00000
29222.00000
39586.00000
34482.00000
35202.00000
13011.00000
21424.00000
12056.00000
37641.00000
19783.00000
16737.00000
24119.00000
19047.00000
12871.00000
15177.00000
16260.00000
19268.00000
16635.00000
31715.00000
17219.00000
15546.00000
22357.00000
20537.00000
27867.00000
16820.00000
19657.00000
18618.00000
17361.00000
18496.00000
26180.00000
24881.00000
40282.00000
36575.00000
26120.00000
17220.00000
16044.00000
42701.00000
23730.00000
18844.00000
11348.00000
17342.00000
29542.00000
13998.00000
20908.00000
18603.00000
32361.00000
12798.00000
31471.00000
29227.00000
17686.00000
19021.00000
42579.00000
23198.00000
21221.00000
19680.00000
21606.00000
19873.00000
18324.00000
19249.00000
39006.00000
18207.00000
16501.00000
14537.00000
16018.00000
17888.00000
21952.00000
20288.00000
20597.00000
32637.00000
19839.00000
23212.00000
19137.00000
18150.00000
17482.00000
10836.00000
27316.00000
19514.00000
34758.00000
15335.00000
16681.00000
28213.00000
15171.00000
30768.00000
18516.00000
17307.00000
19793.00000
20426.00000
20031.00000
19569.00000
28215.00000
12997.00000
20774.00000
27544.00000
24182.00000
48625.00000
21103.00000
20029.00000
35132.00000
30108.00000
42928.00000
19439.00000
38019.00000
23685.00000
19037.00000
18278.00000
26503.00000
12568.00000
23097.00000
12035.00000
45876.00000
21543.00000
21075.00000
16063.00000
16170.00000
22503.00000
28289.00000
20097.00000
19383.00000
41786.00000
22378.00000
15711.00000
23954.00000
17241.00000
28247.00000
25822.00000
25449.00000
33160.00000
15334.00000
33328.00000
35718.00000
18585.00000
18306.00000
18316.00000
16815.00000
22901.00000
37126.00000
18757.00000
18419.00000
17284.00000
18713.00000
34240.00000
24426.00000
19444.00000
16656.00000
65752.00000
45411.00000
16384.00000
15490.00000
10453.00000
24963.00000
47699.00000
24805.00000
56690.00000
19881.00000
16690.00000
39723.00000
41696.00000
11275.00000
30647.00000
16049.00000
20779.00000
23889.00000
32760.00000
19408.00000
26931.00000
47298.00000
22842.00000
31717.00000
47021.00000
35559.00000
16500.00000
34407.00000
13910.00000
39536.00000
20226.00000
23958.00000
14539.00000
20737.00000
17563.00000
18770.00000
43631.00000
18309.00000
15198.00000
14401.00000
25066.00000
16310.00000
26028.00000
14859.00000
20360.00000
17662.00000
10679.00000
18075.00000
19030.00000
20500.00000
32934.00000
19405.00000
17079.00000
18324.00000
33087.00000
12213.00000
18688.00000
15877.00000
19411.00000
52221.00000
16144.00000
13043.00000
18684.00000
35143.00000
18738.00000
30815.00000
40636.00000
13637.00000
21348.00000
18030.00000
19796.00000
18966.00000
12518.00000
22135.00000
16000.00000
31364.00000
40800.00000
17545.00000
27668.00000
21491.00000
20583.00000
17876.00000
27788.00000
17907.00000
11677.00000
20656.00000
38268.00000
16762.00000
13181.00000
21423.00000
14486.00000
35482.00000
20991.00000
25592.00000
22990.00000
14128.00000
35141.00000
21164.00000
23068.00000
11615.00000
21787.00000
11580.00000
21226.00000
12742.00000
18052.00000
19686.00000
29093.00000
32126.00000
34435.00000
23491.00000
25234.00000
20353.00000
16763.00000
14291.00000
18965.00000
14626.00000
18518.00000
22299.00000
35071.00000
30222.00000
18857.00000
39408.00000
40493.00000
33836.00000
23614.00000
41550.00000
17414.00000
35452.00000
18564.00000
18916.00000
44049.00000
16481.00000
37284.00000
17533.00000
25336.00000
18912.00000
32852.00000
13126.00000
47456.00000
19316.00000
17621.00000
17236.00000
19256.00000
17952.00000
13733.00000
20942.00000
18738.00000
36301.00000
12232.00000
24134.00000
15278.00000
37456.00000
18655.00000
24284.00000
38331.00000
26488.00000
14670.00000
29196.00000
37981.00000
39149.00000
34984.00000
17460.00000
18328.00000
18120.00000
18593.00000
19997.00000
22273.00000
35557.00000
18103.00000
40024.00000
19215.00000
10774.00000
18959.00000
21165.00000
20185.00000
23008.00000
42420.00000
19574.00000
34792.00000
16228.00000
16908.00000
18250.00000
19303.00000
22077.00000
33817.00000
18029.00000
42156.00000
20971.00000
19345.00000
18165.00000
26679.00000
18524.00000
18423.00000
39934.00000
39721.00000
19996.00000
22049.00000
20363.00000
34405.00000
17647.00000
19699.00000
17955.00000
19144.00000
23226.00000
23490.00000
24878.00000
26663.00000
19610.00000
17362.00000
16333.00000
10864.00000
29565.00000
13816.00000
35047.00000
24702.00000
13476.00000
15409.00000
16305.00000
17703.00000
58189.00000
19035.00000
31450.00000
27692.00000
23086.00000
32391.00000
29028.00000
21128.00000
19683.00000
14264.00000
22775.00000
13547.00000
21830.00000
56671.00000
29833.00000
11055.00000
23901.00000
13816.00000
31676.00000
23168.00000
48560.00000
38307.00000
20493.00000
39097.00000
44832.00000
18140.00000
44848.00000
16962.00000
18596.00000
23307.00000
17437.00000
29403.00000
35740.00000
31514.00000
25848.00000
15881.00000
18914.00000
21323.00000
32678.00000
18997.00000
17231.00000
20186.00000
17448.00000
15555.00000
14569.00000
18460.00000
13824.00000
28355.00000
15933.00000
12974.00000
17456.00000
21662.00000
45037.00000
15750.00000
17192.00000
23795.00000
19910.00000
25091.00000
11878.00000
16115.00000
13947.00000
18555.00000
12382.00000
29412.00000
19641.00000
16317.00000
18040.00000
11425.00000
19811.00000
31170.00000
19007.00000
21045.00000
10250.00000
13546.00000
20294.00000
16627.00000
20156.00000
30647.00000
12378.00000
21582.00000
14224.00000
15342.00000
13402.00000
34129.00000
17018.00000
19338.00000
17128.00000
11272.00000
24346.00000
15576.00000
34278.00000
16017.00000
18123.00000
19652.00000
17182.00000
26183.00000
10221.00000
18150.00000
15010.00000
12053.00000
26740.00000
26543.00000
20269.00000
23926.00000
22095.00000
31585.00000
20696.00000
15646.00000
18326.00000
12054.00000
19854.00000
16494.00000
16637.00000
20856.00000
54130.00000
19757.00000
19575.00000
16254.00000
17360.00000
20004.00000
16411.00000
18430.00000
19824.00000
27849.00000
32999.00000
41853.00000
14262.00000
33117.00000
30512.00000
32437.00000
13019.00000
32846.00000
33319.00000
19493.00000
37622.00000
19734.00000
19390.00000
51244.00000
17517.00000
29323.00000
16122.00000
20012.00000
19545.00000
12394.00000
15825.00000
17270.00000
16770.00000
43282.00000
20326.00000
19011.00000
15347.00000
19812.00000
13287.00000
17768.00000
22764.00000
44341.00000
20033.00000
25573.00000
54213.00000
23501.00000
11827.00000
15012.00000
18283.00000
37245.00000
21731.00000
43692.00000
14606.00000
18629.00000
20315.00000
19304.00000
49934.00000
26024.00000
44354.00000
18864.00000
16530.00000
19604.00000
30227.00000
44480.00000
12647.00000
37701.00000
28360.00000
23063.00000
16944.00000
16082.00000
19829.00000
45594.00000
18822.00000
50424.00000
58200.00000
19359.00000
28678.00000
27748.00000
28914.00000
35682.00000
22007.00000
24209.00000
19019.00000
19901.00000
18206.00000
37026.00000
11388.00000
31426.00000
17977.00000
17661.00000
18387.00000
14989.00000
19085.00000
49738.00000
38875.00000
13766.00000
26813.00000
30996.00000
16257.00000
16770.00000
16074.00000
20632.00000
19557.00000
26780.00000
17908.00000
25871.00000
21435.00000
18339.00000
18969.00000
16068.00000
17385.00000
18624.00000
22052.00000
42622.00000
20705.00000
13259.00000
22102.00000
26435.00000
33284.00000
19565.00000
27453.00000
35400.00000
18738.00000
20400.00000
26767.00000
32011.00000
19094.00000
23332.00000
21833.00000
20071.00000
22451.00000
17827.00000
19107.00000
17721.00000
42416.00000
35934.00000
28494.00000
19634.00000
22651.00000
17416.00000
60752.00000
22905.00000
27080.00000
33630.00000
27155.00000
46192.00000
18521.00000
20214.00000
14484.00000
18892.00000
46686.00000
17518.00000
16111.00000
18402.00000
17080.00000
14981.00000
35347.00000
16449.00000
22749.00000
16114.00000
17780.00000
19376.00000
31000.00000
35629.00000
27842.00000
16214.00000
17224.00000
29341.00000
19593.00000
12905.00000
15187.00000
17503.00000
16365.00000
36244.00000
18021.00000
27737.00000
32881.00000
15189.00000
41014.00000
21558.00000
21260.00000
11970.00000
18975.00000
14481.00000
34888.00000
17051.00000
19433.00000
34191.00000
16973.00000
18056.00000
31491.00000
25206.00000
24132.00000
19548.00000
26001.00000
54898.00000
35986.00000
18751.00000
32797.00000
21440.00000
15112.00000
16657.00000
20686.00000
17622.00000
19082.00000
18507.00000
48315.00000
18120.00000
18509.00000
38529.00000
19024.00000
17939.00000
30871.00000
19172.00000
19105.00000
21796.00000
36301.00000
17637.00000
18183.00000
28137.00000
19070.00000
14255.00000
18685.00000
17750.00000
11881.00000
17662.00000
21473.00000
25354.00000
31711.00000
33551.00000
30019.00000
37795.00000
18409.00000
24977.00000
16091.00000
17203.00000
40459.00000
39600.00000
17774.00000
19316.00000
19596.00000
15609.00000
59228.00000
38955.00000
21042.00000
19654.00000
19908.00000
42732.00000
19627.00000
21619.00000
21567.00000
16162.00000
12350.00000
20104.00000
13341.00000
18378.00000
15979.00000
33172.00000
19244.00000
18212.00000
23986.00000
16057.00000
13317.00000
19385.00000
20428.00000
21991.00000
21894.00000
20080.00000
13530.00000
23330.00000
18860.00000
13593.00000
18089.00000
20599.00000
55142.00000
31927.00000
19063.00000
28138.00000
53679.00000
12054.00000
31890.00000
15927.00000
43153.00000
29275.00000
26251.00000
12534.00000
19030.00000
14191.00000
13192.00000
35277.00000
31082.00000
27060.00000
17613.00000
19415.00000
16789.00000
29508.00000
18277.00000
35792.00000
15395.00000
31372.00000
14050.00000
16099.00000
19057.00000
22518.00000
31115.00000
20007.00000
24409.00000
10610.00000
13904.00000
49790.00000
18073.00000
18603.00000
15469.00000
29282.00000
20339.00000
10546.00000
26274.00000
30868.00000
21214.00000
20184.00000
20331.00000
19033.00000
14140.00000
21801.00000
13578.00000
29390.00000
20414.00000
44649.00000
19777.00000
35237.00000
19010.00000
45596.00000
28648.00000
11849.00000
14184.00000
13487.00000
34125.00000
21850.00000
23387.00000
17069.00000
15786.00000
35886.00000
35260.00000
21229.00000
17349.00000
18488.00000
21520.00000
20535.00000
22052.00000
33086.00000
29293.00000
19493.00000
40156.00000
24163.00000
46797.00000
18868.00000
19216.00000
35223.00000
18487.00000
33280.00000
13829.00000
42539.00000
20844.00000
20545.00000
16514.00000
16612.00000
23869.00000
21480.00000
31888.00000
18801.00000
27935.00000
36925.00000
20616.00000
31423.00000
17997.00000
14515.00000
16349.00000
43623.00000
21342.00000
20244.00000
49164.00000
26526.00000
21547.00000
25507.00000
18254.00000
45653.00000
38755.00000
32530.00000
28921.00000
17258.00000
19232.00000
18542.00000
17799.00000
16533.00000
18766.00000
20462.00000
22940.00000
29989.00000
23567.00000
26929.00000
15374.00000
49746.00000
34433.00000
38149.00000
16848.00000
18091.00000
45257.00000
12362.00000
34025.00000
19723.00000
28174.00000
20213.00000
36975.00000
16644.00000
31245.00000
13267.00000
21415.00000
28281.00000
13572.00000
19154.00000
32866.00000
16178.00000
21183.00000
40713.00000
11987.00000
16906.00000
23002.00000
19306.00000
20110.00000
16522.00000
22237.00000
10510.00000
11450.00000
22448.00000
31644.00000
17808.00000
34879.00000
11258.00000
19761.00000
16795.00000
22983.00000
14696.00000
44081.00000
37172.00000
14477.00000
14278.00000
42884.00000
25314.00000
36634.00000
17190.00000
15129.00000
16924.00000
15630.00000
12079.00000
19188.00000
31466.00000
20948.00000
24430.00000
17959.00000
23277.00000
19708.00000
21288.00000
19609.00000
24633.00000
41271.00000
28873.00000
21721.00000
18555.00000
12797.00000
19095.00000
31974.00000
11037.00000
18769.00000
18540.00000
13346.00000
20109.00000
13511.00000
38211.00000
50300.00000
18332.00000
18093.00000
20802.00000
25813.00000
25319.00000
26337.00000
34276.00000
32187.00000
19631.00000
18999.00000
28465.00000
17781.00000
10612.00000
39292.00000
18922.00000
52310.00000
45660.00000
39527.00000
24971.00000
15954.00000
33321.00000
48002.00000
39280.00000
25513.00000
28164.00000
18376.00000
15595.00000
34272.00000
15446.00000
28563.00000
17255.00000
37284.00000
20358.00000
18584.00000
34910.00000
14046.00000
28298.00000
38575.00000
19020.00000
18746.00000
17220.00000
19098.00000
19659.00000
17247.00000
18989.00000
28348.00000
29392.00000
43789.00000
15247.00000
27160.00000
15625.00000
19328.00000
23461.00000
19585.00000
47034.00000
15643.00000
29167.00000
26664.00000
17141.00000
20927.00000
18139.00000
24160.00000
18602.00000
32562.00000
33341.00000
18725.00000
19292.00000
33526.00000
19651.00000
47675.00000
39092.00000
22819.00000
21331.00000
19467.00000
44016.00000
22005.00000
44142.00000
18391.00000
42662.00000
15950.00000
20387.00000
15342.00000
13217.00000
30933.00000
25133.00000
14684.00000
18566.00000
16041.00000
19885.00000
24803.00000
13894.00000
36912.00000
20321.00000
45347.00000
27938.00000
18914.00000
16513.00000
14572.00000
22181.00000
13657.00000
31422.00000
13958.00000
19180.00000
33615.00000
19610.00000
23021.00000
16783.00000
11317.00000
26631.00000
19701.00000
17376.00000
21048.00000
26326.00000
18742.00000
21838.00000
13395.00000
16626.00000
17768.00000
20491.00000
19070.00000
17199.00000
24495.00000
19472.00000
16554.00000
15516.00000
37986.00000
19140.00000
16803.00000
14902.00000
18391.00000
16296.00000
18592.00000
20201.00000
31477.00000
25693.00000
12198.00000
46667.00000
19253.00000
20474.00000
17688.00000
24222.00000
18930.00000
41325.00000
35020.00000
23815.00000
14669.00000
22252.00000
20796.00000
14046.00000
17620.00000
39109.00000
19125.00000
35794.00000
41408.00000
23719.00000
15269.00000
35370.00000
16299.00000
35645.00000
25969.00000
18130.00000
19881.00000
35128.00000
12255.00000
26396.00000
18654.00000
33571.00000
18805.00000
47019.00000
43885.00000
18072.00000
25113.00000
46337.00000
20439.00000
49146.00000
32587.00000
15910.00000
18957.00000
21413.00000
12481.00000
18921.00000
15274.00000
62303.00000
10734.00000
19916.00000
34039.00000
20748.00000
14756.00000
19507.00000
11467.00000
19117.00000
13337.00000
16580.00000
15951.00000
54782.00000
16807.00000
32340.00000
37389.00000
19453.00000
19996.00000
17172.00000
18855.00000
22327.00000
23630.00000
18267.00000
21551.00000
13033.00000
21075.00000
14827.00000
19275.00000
34280.00000
18631.00000
38477.00000
13160.00000
22082.00000
19477.00000
27380.00000
18328.00000
20359.00000
14028.00000
17527.00000
28605.00000
23318.00000
17752.00000
19468.00000
16381.00000
30082.00000
19361.00000
36192.00000
19598.00000
18512.00000
25822.00000
32702.00000
13693.00000
16364.00000
26755.00000
14598.00000
18105.00000
29788.00000
20251.00000
14928.00000
22013.00000
31239.00000
18377.00000
19901.00000
19648.00000
19394.00000
41156.00000
25188.00000
19362.00000
33456.00000
22187.00000
19367.00000
42906.00000
20677.00000
41463.00000
10441.00000
16495.00000
22974.00000
45488.00000
14468.00000
13727.00000
10709.00000
13227.00000
17749.00000
31829.00000
18167.00000
16046.00000
34644.00000
20558.00000
38539.00000
18091.00000
30678.00000
21530.00000
15510.00000
20658.00000
32683.00000
21478.00000
28106.00000
18850.00000
16361.00000
10838.00000
31061.00000
19443.00000
26474.00000
36171.00000
31218.00000
16464.00000
34284.00000
49268.00000
15493.00000
19508.00000
30801.00000
16507.00000
50308.00000
16785.00000
15770.00000
17177.00000
13457.00000
23693.00000
18921.00000
18781.00000
21772.00000
17579.00000
19155.00000
34116.00000
19493.00000
18071.00000
10163.00000
13874.00000
30129.00000
34964.00000
39748.00000
32141.00000
32068.00000
17274.00000
28121.00000
29006.00000
22307.00000
17929.00000
25999.00000
44919.00000
15736.00000
32710.00000
19428.00000
18025.00000
22163.00000
29905.00000
32570.00000
14514.00000
27416.00000
36807.00000
15853.00000
32213.00000
43486.00000
37318.00000
42460.00000
42188.00000
17148.00000
17422.00000
44199.00000
52711.00000
22322.00000
15269.00000
19526.00000
22339.00000
13682.00000
17493.00000
18244.00000
17617.00000
20017.00000
29569.00000
14873.00000
12728.00000
36139.00000
15714.00000
18981.00000
33192.00000
22472.00000
19238.00000
19161.00000
38303.00000
16783.00000
19771.00000
29987.00000
20351.00000
20360.00000
13429.00000
35464.00000
39046.00000
13107.00000
13395.00000
32566.00000
38174.00000
19033.00000
43046.00000
19080.00000
12827.00000
32379.00000
41663.00000
18143.00000
18722.00000
31143.00000
13887.00000
27442.00000
22373.00000
16234.00000
19318.00000
17123.00000
16040.00000
36669.00000
23283.00000
19685.00000
28773.00000
33039.00000
50390.00000
41234.00000
17948.00000
14898.00000
11362.00000
44647.00000
27920.00000
20946.00000
20075.00000
18183.00000
13416.00000
42032.00000
18003.00000
21433.00000
30425.00000
17927.00000
16003.00000
17100.00000
15654.00000
19099.00000
32519.00000
42261.00000
12533.00000
43148.00000
19745.00000
30781.00000
17437.00000
38566.00000
20004.00000
34639.00000
11450.00000
33295.00000
10576.00000
29057.00000
27424.00000
33627.00000
16341.00000
39169.00000
23830.00000
18103.00000
16186.00000
18475.00000
17362.00000
44415.00000
19677.00000
41480.00000
22483.00000
21686.00000
19766.00000
19997.00000
61823.00000
20548.00000
18519.00000
13839.00000
44165.00000
35685.00000
15043.00000
14494.00000
38361.00000
16900.00000
19082.00000
33479.00000
27188.00000
28713.00000
27716.00000
12288.00000
23227.00000
15608.00000
16046.00000
26143.00000
18547.00000
18382.00000
48458.00000
20563.00000
28839.00000
19798.00000
39867.00000
37612.00000
16070.00000
20307.00000
20202.00000
41709.00000
44107.00000
18258.00000
17325.00000
18579.00000
37220.00000
35592.00000
38414.00000
21507.00000
17536.00000
36923.00000
19772.00000
17621.00000
31700.00000
62150.00000
41097.00000
24451.00000
20193.00000
36055.00000
13717.00000
18548.00000
38719.00000
52588.00000
35533.00000
25369.00000
17755.00000
20654.00000
17760.00000
33079.00000
35145.00000
42123.00000
29593.00000
54138.00000
20681.00000
19365.00000
23974.00000
11756.00000
25235.00000
34202.00000
20259.00000
35053.00000
22347.00000
14590.00000
54319.00000
47710.00000
19835.00000
30460.00000
21129.00000
19654.00000
22018.00000
29009.00000
28588.00000
36249.00000
20368.00000
10008.00000
16794.00000
21960.00000
31028.00000
21842.00000
15088.00000
18562.00000
44363.00000
24661.00000
16980.00000
19550.00000
19957.00000
29542.00000
23626.00000
26212.00000
17833.00000
15399.00000
35873.00000
31111.00000
20867.00000
39287.00000
19198.00000
19348.00000
18610.00000
16233.00000
12648.00000
16504.00000
16850.00000
18204.00000
19610.00000
35544.00000
19060.00000
50693.00000
13763.00000
15226.00000
23141.00000
37214.00000
25120.00000
36916.00000
45682.00000
34105.00000
16336.00000
19201.00000
20628.00000
18764.00000
47511.00000
16648.00000
18229.00000
12466.00000
36070.00000
31650.00000
28597.00000
20323.00000
15868.00000
14684.00000
20404.00000
18500.00000
15842.00000
18603.00000
18680.00000
21171.00000
20941.00000
19101.00000
18102.00000
17487.00000
31962.00000
19816.00000
20320.00000
19045.00000
16452.00000
19867.00000
30163.00000
29997.00000
19239.00000
44305.00000
15715.00000
38801.00000
15982.00000
44281.00000
20064.00000
20560.00000
18942.00000
16385.00000
41923.00000
16574.00000
26633.00000
18957.00000
23283.00000
37779.00000
23640.00000
32910.00000
14226.00000
18453.00000
17567.00000
18546.00000
42589.00000
39461.00000
16249.00000
53630.00000
19002.00000
35770.00000
17729.00000
17777.00000
32167.00000
14470.00000
23009.00000
15477.00000
46947.00000
16747.00000
32227.00000
25630.00000
22452.00000
20080.00000
31504.00000
25405.00000
56387.00000
25464.00000
16539.00000
38487.00000
19539.00000
34661.00000
30098.00000
19161.00000
30898.00000
18544.00000
